Year,Jan, Feb, Mar, Apr, May, Jun, Jul, Aug, Sep, Oct, Nov, Dec, J-D, D-N, DJF, MAM, JJA, SON
2000, 8.8,12.71,15.196,15.4392,19.8224,24.6735,27.179,27.3471,23.2245,17.2384,13.8268,11.884,-0.2***, ***, -0.2,-0.2,-0.17
2001,10.9,11.86,16.0657,17.1582,19.6288,25.0563,26.628,26.9916,22.7352,20.7393,13.9873,11.6523,-0.12,-0.12,-0.15,-0.02,-0.13,-0.19
2002,11.1,12.75,14.1333,16.0676,19.172,23.8753,26.3481,25.4141,23.01,20.1121,14.7659,12.5051,-0.1,-0.09,0,-0.12,-0.11,-0.15
2003, 9.6,10.76,15.0128,16.2111,21.0783,25.3108,27.4627,27.9638,24.2051,18.7489,14.1255,10.7089,-0.21,-0.22,-0.34,-0.23,-0.12,-0.18
2004,10.372,12.03,13.468,15.84,17.864,24.66,27.599,27.545,23.906,19.83,13.604,9.997,-0.28,-0.28,-0.17,-0.35,-0.33,-0.25
2004,8.249,8.963,14.443,17.165,21.673,25.223,27.305,27.48,23.408,19.987,13.984,10.385,-0.32,-0.33,-0.42,-0.37,-0.35,-0.2
2006,8.591,10.388,14.25,17.616,21.284,23.882,28.117,27.183,24.047,20.352,15.87,10.266,-0.31,-0.29,-0.32,-0.33,-0.29,-0.23
2006,9.987,12.704,13.649,15.418,19.68,23.679,27.697,26.811,23.183,19.18,14.59,10.651,-0.33,-0.32,-0.46,-0.34,-0.22,-0.26
2008,10.752,12.763,14.394,17.913,19.341,24.744,27.511,27.362,23.087,17.654,12.078,9.516,-0.2,-0.22,-0.41,-0.33,-0.14,-0.02
2009,9.146,11.185,14.463,15.658,20.593,24.582,28.334,27.712,22.304,20.611,16.305,12.826,-0.12,-0.1,-0.06,0.02,-0.11,-0.24
2010,10.952,13.257,14.854,17.972,19.867,23.494,28.16,28.68,24.61,18.679,14.412,12.197,-0.37,-0.37,-0.42,-0.42,-0.31,-0.32
2012,9.274,8.822,14.078,15.067,21.841,25.205,27.929,28.683,23.674,19.522,15.208,11.101,-0.24,-0.27,-0.42,-0.19,-0.21,-0.25
2013,10.418,10.836,14.209,16.988,18.941,23.682,27.091,27.915,23.021,19.899,14.186,10.196,-0.27,-0.25,-0.14,-0.32,-0.23,-0.3
2014,10.56,11.406,13.558,17.415,21.581,23.689,26.278,27.007,24.16,20.898,14.904,10.385,-0.3,-0.3,-0.5,-0.31,-0.21,-0.17
2015, 9.5,10.065,13.28,17.405,22.24,24.506,28.566,26.984,22.799,19.772,15.232,12.441,-0.31,-0.32,-0.42,-0.3,-0.35,-0.22
2016,11.935,12.148,12.922,16.967,20.535,24.851,28.041,28.334,23.924,20.213,14.175,11.202,-0.21,-0.22,-0.36,-0.25,-0.19,-0.09
